1.7578
1.64531
1.74105
1.74217
1.72074
1.76223
1.6274
1.76445
1.80494
1.70706
1.72414
1.75112
1.68866
1.65949
1.80169
1.71163
1.72187
1.73656
1.74217
9.74058
1.72753
1.71391
1.72753
1.67589
1.71619
1.74217
1.75557
1.7343
1.71733
1.79082
1.71619
1.73205
1.73543
1.71049
1.71505
1.74105
1.70477
1.72301
1.69097
1.76334
1.71049
9.1926
1.72527
1.74665
1.65241
1.68402
1.70706
1.49478
1.66067
1.59467
1.66536
1.70477
1.78645
1.67472
1.75223
1.73656
1.71163
1.64886
1.71847
1.69443
1.7343
2.08323
1.65949
1.77108
1.66067
1.66654
1.75
1.73768
1.70821
1.71733
1.77768
1.77438
1.71847
1.78426
1.64293
1.67589
1.71049
1.69558
1.69443
1.70477
1.69673
1.71505
1.73656
1.71505
1.71847
1.78864
1.76887
1.71391
1.78317
1.69328
1.79518
1.67005
1.6286
1.73768
1.75557
1.74665
1.73318
1.73543
1.71391
1.6817
1.75335
1.71391
1.69673
1.71847
1.66184
1.69212
1.69443
1.67355
1.72979
1.73092
1.72187
1.70133
1.71049
1.70706
1.77988
1.70248
1.70706
1.68286
1.70935
1.69788
1.75112
1.71733
1.74777
1.72414
1.69328
1.70363
1.73543
1.78317
1.73656
1.76445
1.72301
1.7388
1.77438
1.67705
1.76556
1.72527
1.74888
1.70935
1.72527
1.71277
1.72414
1.76223
1.70363
9.9485
1.67122
1.67938
1.65713
1.80169
1.77438
1.81034
1.26553
6.70791
1.75
1.70248
1.75112
1.52197
1.71733
1.69903
1.6817
1.71277
1.68981
1.72414
1.69903
1.65831
1.66184
1.7264
9.04805
1.70935
1.75112
1.71391
1.75112
1.71277
1.72301
1.68286
1.67705
1.71733
1.70592
1.72074
1.7343
1.71619
1.74777
1.73656
1.73092
1.68981
1.6875
1.60809
1.75668
1.67122
1.68054
1.70018
1.75446
1.64768
1.71391
1.70248
1.67355
1.75446
1.65123
1.71049
1.72527
1.71847
1.71391
1.70592
1.72414
1.71847
1.69673
1.7196
1.74217
1.68866
1.63459
1.69673
1.6093
1.71733
1.65478
1.70133
1.6875
1.7264
1.71049
1.76334
1.72414
1.71163
1.73656
1.74329
1.72301
1.73092
1.75668
1.74329
1.76445
1.73092
1.76223
1.71391
1.83499
1.72074
1.70821
1.73993
1.70477
1.74553
1.72753
1.77218
1.75223
1.71391
1.72753
1.81465
1.7264
1.72301
1.62259
1.71733
1.69558
1.71163
1.70133
1.71391
1.68054
1.73993
1.72753
1.75668
1.70363
1.73092
1.6322
1.70018
1.69097
1.71847
1.75891
1.75223
1.70363
1.64174
1.71163
1.66067
1.71619
1.6817
1.71619
1.71847
1.71163
1.68866
1.64055
1.68866
1.69443
1.75446
1.73543
1.72527
1.73205
1.6238
1.74105
1.72527
1.71391
1.69443
1.72753
1.70477
1.70706
1.68286
1.72187
1.72979
1.7264
1.66771
1.67355
1.76777
1.6875
1.71847
1.72753
1.62139
1.73656
1.74665
1.6298
1.68981
1.72979
1.60322
1.64768
1.76445
1.72301
1.73205
1.76887
1.69903
1.76002
5.83397
1.76002
1.69443
1.73543
1.7388
1.71847
14.6488
1.67589
1.60322
1.74553
1.78645
1.72527
1.60565
1.70248
1.69443
1.69673
1.75446
1.66184
1.73543
1.70363
1.73768
1.69558
1.6817
1.70821
1.71505
1.7264
1.72979
1.70018
1.70592
1.70592
1.58484
1.81034
1.71391
1.66067
1.73656
1.69673
1.71277
1.76223
5.81183
1.74553
1.75223
1.68634
1.63817
1.70706
1.71391
1.69212
1.74888
1.73092
1.73318
1.73092
1.74217
1.72301
1.72301
1.74329
1.69328
1.74217
1.71277
1.74777
1.75
1.72074
1.74553
1.74105
1.66184
1.71505
1.67239
1.73993
1.74217
1.63339
1.72301
1.74665
1.69097
1.65713
1.77108
1.74441
1.75
1.6093
1.77658
1.73543
1.67938
1.78098
1.75335
10.3682
1.70821
1.63698
1.7343
1.74777
1.68866
1.72414
1.65241
1.74329
21.0354
1.78098
1.70821
1.70248
1.72301
1.71505
1.74217
1.75446
1.72187
1.64412
1.76666
1.75335
1.70018
1.74777
1.74777
1.71505
1.73205
1.76002
1.72527
1.69673
1.73205
1.81895
1.73656
1.76002
1.66536
1.77328
1.72866
1.71049
1.72074
1.72979
8.02438
1.70477
1.75
1.72527
1.73543
1.72979
1.53984
1.66771
1.67472
1.80169
1.66771
1.70935
1.70477
1.56998
1.70821
1.73205
1.71049
1.69558
1.65831
1.72979
1.69443
1.37642
1.78754
1.67589
1.69212
1.72753
1.65005
1.76334
1.70706
1.72979
1.7343
1.74553
1.7343
1.71049
1.7264
1.69443
1.78536
1.69212
1.75446
1.81788
1.71733
1.74329
1.67122
1.78536
1.54869
1.69212
1.71277
1.67122
1.70592
1.71847
1.72414
1.69673
1.6875
1.72979
1.71733
1.55247
1.65831
1.69558
1.71733
1.7388
1.74217
1.5026
1.76445
1.70477
1.68634
1.73318
1.75446
1.74441
1.71163
1.73993
1.68866
1.72979
1.72414
1.71847
7.96918
1.72979
1.72301
1.73092
1.57371
1.66302
1.72753
1.71505
1.76887
1.71733
1.74441
1.70821
1.75335
1.70821
1.64531
1.67122
1.72866
1.72187
1.70248
1.74329
1.7264
1.76223
1.70821
1.68402
1.69097
1.70706
1.71391
1.72414
1.73205
1.7578
1.69903
1.74553
1.7264
1.73656
1.65713
1.69788
1.68634
1.73543
1.7196
1.7343
1.72979
1.75
1.72074
1.69097
1.61777
1.70248
1.7196
1.74217
1.63578
1.73318
1.71847
1.71277
1.6875
1.7264
1.77108
1.70706
1.66302
1.72074
6.08051
1.77438
1.73092
1.69443
1.68518
1.68402
1.68634
1.71733
1.7264
1.72866
1.69903
1.7264
1.70706
1.69328
1.72187
1.69673
1.7388
1.68981
1.71163
1.73656
1.78207
1.72753
1.71733
1.70018
1.75223
1.76666
1.68981
1.71163
1.70935
1.73993
1.7343
1.73993
1.72301
1.7578
1.71391
1.75112
1.74329
1.65123
1.68634
1.69328
1.47373
1.69788
1.60809
1.70706
1.72979
1.74665
1.74329
1.7343
1.73993
1.69212
1.80061
1.74888
1.70248
1.7578
1.70821
1.64886
1.72074
1.71847
1.7196
1.70363
1.76556
1.72527
1.69097
1.69443
1.6274
1.68518
1.71733
1.73205
1.69558
1.68866
1.74441
1.64055
1.74329
1.71847
1.70592
1.67005
1.48692
1.75335
1.68866
1.69673
1.71619
1.67355
1.71733
1.70935
1.67938
1.73092
1.68634
1.69097
1.68286
1.69673
1.68054
1.63698
1.53093
1.71049
1.68866
1.72753
1.74329
1.71733
1.77658
1.71733
1.793
1.74553
1.75446
1.74888
1.74217
1.70935
1.70477
1.71391
1.72527
1.6817
1.72979
1.71505
1.7264
1.74217
1.71163
1.61536
1.72074
1.72527
1.72866
1.78426
1.64293
1.69558
1.79082
1.69903
1.73656
1.70706
1.73543
1.72414
1.7196
1.70592
1.71619
1.72979
1.76002
1.71847
1.7578
1.77328
1.6322
1.75668
1.73543
1.68402
1.70706
1.68634
1.72301
1.74441
1.63578
1.71391
1.67589
1.72979
1.72753
1.70018
1.71619
1.69558
1.55875
1.69788
1.73543
1.71049
1.56749
1.68634
1.74105
1.74665
1.73092
1.72527
1.70477
1.68634
1.7388
1.67938
1.74553
1.625
1.7388
9.22865
1.71049
1.75
1.71847
1.7196
1.71049
1.74105
1.76556
1.68866
1.70133
1.75
1.72527
1.74329
1.69903
1.71277
1.74777
1.69212
1.72414
1.72866
1.70477
1.65123
1.76887
1.69328
1.72866
1.7264
1.70935
1.72527
1.70706
1.64649
23.4396
1.73768
1.74777
1.70821
1.75891
1.65831
1.70133
1.74665
1.73318
1.74105
1.67822
1.67239
1.57743
1.72187
1.72414
1.76334
1.72527
1.71391
1.73205
1.75557
1.65949
1.72753
1.73768
1.65713
1.78536
1.72527
1.72527
1.64768
1.72301
1.71391
1.69673
1.74105
1.74441
1.68634
1.71619
1.70133
1.66302
1.71847
1.73205
1.75891
1.63578
1.75446
1.72866
1.70133
1.71733
1.70821
1.70592
1.68866
1.72187
1.71277
1.72979
1.71049
1.69673
1.76002
1.76113
1.59099
1.67005
12.9917
1.72979
1.73318
1.74888
1.72074
1.74888
1.70706
1.75335
1.72979
1.71505
1.32288
1.70133
1.69788
9.86392
1.68866
1.76556
1.70018
1.70133
1.69097
1.74441
1.67589
1.72753
1.70935
1.6817
1.70821
1.65596
1.75557
1.70706
1.75
1.72414
1.70706
5.33195
1.74665
1.6093
1.71847
1.75
1.75446
1.68634
1.70248
1.71505
1.72301
1.77108
1.70018
1.67472
1.72301
1.6817
1.67705
1.67705
1.73318
1.65831
1.63817
1.60078
1.73092
1.67938
1.69328
1.73656
1.74665
1.72074
1.68866
1.69673
1.7578
1.74888
1.72866
1.59222
1.76777
1.71847
1.70477
1.7264
1.73092
1.69443
1.70935
1.72866
1.7343
1.70706
1.71619
1.76666
1.69443
1.67589
1.68054
1.72753
1.72074
1.58114
1.74105
1.73543
1.63578
4.94343
1.68634
1.72866
1.66536
1.78207
1.60565
11.5417
1.75
1.7196
1.70133
1.67472
1.72527
1.68286
1.6875
1.75891
1.72074
1.70706
1.6817
1.69328
1.5039
1.68402
1.6298
14.4028
1.71163
1.72187
1.67122
1.73993
1.64886
1.70477
1.71277
1.72753
1.77548
1.72866
1.65713
1.76777
1.69212
1.73205
1.74329
1.72527
1.70592
1.67938
1.6817
1.7264
1.76223
1.65005
1.7578
1.70706
1.59344
1.71619
1.67589
1.7264
8.10189
1.74105
1.71619
1.76002
1.70706
1.76998
1.68402
1.76113
1.71505
1.53984
1.6875
1.66067
1.68054
1.70477
1.77108
5.86069
1.77218
1.74441
1.74105
1.69443
1.71049
1.73543
1.71391
1.72187
1.69097
1.71391
1.66302
1.62019
1.55247
1.7343
1.71619
1.71277
1.73768
1.70248
1.71847
1.71847
1.76666
1.72979
1.78864
1.71847
1.64649
1.71163
1.76887
1.70018
1.6875
1.7343
1.6298
1.6875
1.67239
1.74329
1.73205
1.68866
1.75335
1.70018
9.28225
1.74441
1.68634
1.71277
1.69903
1.67589
1.73768
1.69212
1.68286
1.69212
1.72187
1.69788
1.67355
1.67472
1.68286
1.73768
1.61777
1.69097
0
1.70592
1.68981
1.74665
1.71733
1.74888
1.67938
1.73318
1.70477
1.75
1.73656
1.70363
1.71505
1.76777
1.7388
1.75
1.71505
1.68981
1.70018
1.71277
1.70706
1.60322
1.65478
1.75668
1.71163
1.66419
1.75557
1.74888
1.76334
1.74553
1.73205
1.75
1.70706
1.70477
1.69903
1.73656
1.72866
1.73993
1.7578
13.5013
1.68518
1.79191
1.72187
1.7196
1.72527
1.70477
1.66184
1.72866
1.68286
1.72979
1.70935
1.67355
1.61172
