   1.80524
   1.73405
   1.79392
   1.80092
   1.77210
   1.81016
   1.71730
   1.84457
   1.86677
   1.73944
   1.76513
   1.81198
   1.76013
   1.73656
   1.85039
   1.76083
   1.76748
   1.82532
   1.79094
   1.76298
   1.77931
   1.81104
   1.77146
   1.72890
   1.77119
   1.78656
   1.80149
   1.77222
   1.75865
   1.83953
   1.75885
   1.78851
   1.78916
   1.76131
   1.75494
   1.81378
   1.74919
   1.77803
   1.74067
   1.82434
   1.75301
   1.79230
   1.76074
   1.78897
   1.73868
   1.77459
   1.78026
   1.63364
   1.72267
   1.76780
   1.76479
   1.74826
   1.83695
   1.72822
   1.79452
   1.79485
   1.74897
   1.73142
   1.77363
   1.74489
   1.77851
   2.15415
   1.75063
   1.81096
   1.73303
   1.78806
   1.83061
   1.79542
   1.77266
   1.82991
   1.82810
   1.81801
   1.76185
   1.82672
   1.78351
   1.75331
   1.79874
   1.78164
   1.75997
   1.75062
   1.78088
   1.76467
   1.78303
   1.79023
   1.76023
   1.83100
   1.82309
   1.77984
   1.82907
   1.80958
   1.83968
   1.76037
   1.75789
   1.79438
   1.82141
   1.79668
   1.77286
   1.76849
   1.80072
   1.73110
   1.79769
   1.79068
   1.74299
   1.76030
   1.79090
   1.76548
   1.76655
   1.77770
   1.78477
   1.77546
   1.78314
   1.76662
   1.75438
   1.77455
   1.82147
   1.74572
   1.76148
   1.73197
   1.76445
   1.75188
   1.80424
   1.80151
   1.79750
   1.77142
   1.74922
   1.81066
   1.77296
   1.82323
   1.79215
   1.80427
   1.78547
   1.79792
   1.81309
   1.76140
   1.80888
   1.77145
   1.79307
   1.78939
   1.77582
   1.75841
   1.76731
   1.84482
   1.74093
   1.82449
   1.73348
   1.77496
   1.79456
   1.85084
   1.81735
   1.86876
   1.64548
   1.76050
   1.79508
   1.76359
   1.78848
   1.72295
   1.76521
   1.76317
   1.73990
   1.76664
   1.78529
   1.77383
   1.76118
   1.72168
   1.73412
   1.77715
   1.79149
   1.75816
   1.80995
   1.77129
   1.80567
   1.76108
   1.76795
   1.73682
   1.74113
   1.76280
   1.75238
   1.77953
   1.79096
   1.77269
   1.81104
   1.78310
   1.77425
   1.74896
   1.77300
   1.71804
   1.83477
   1.74338
   1.76206
   1.74931
   1.79638
   1.73619
   1.76781
   1.77978
   1.76533
   1.79794
   1.71182
   1.79363
   1.77159
   1.76554
   1.81908
   1.79664
   1.77100
   1.76182
   1.76313
   1.76349
   1.81100
   1.74563
   1.71469
   1.74208
   1.82265
   1.78578
   1.73702
   1.79088
   1.73058
   1.80520
   1.78489
   1.83828
   1.79507
   1.75826
   1.82579
   1.78292
   1.77103
   1.80507
   1.79515
   1.78694
   1.80835
   1.77410
   1.82670
   1.76216
   1.88503
   1.76464
   1.77167
   1.78227
   1.77629
   1.79382
   1.78091
   1.81503
   1.79968
   1.80658
   1.77329
   1.86383
   1.77008
   1.76179
   1.72104
   1.81481
   1.75899
   1.77064
   1.77465
   1.76393
   1.72420
   1.78166
   1.77603
   1.82769
   1.75728
   1.78601
   1.78322
   1.76374
   1.76401
   1.76784
   1.80281
   1.79650
   1.77565
   1.80721
   1.76311
   1.73864
   1.75620
   1.75579
   1.76848
   1.76088
   1.76727
   1.73978
   1.74240
   1.80249
   1.77062
   1.81838
   1.77783
   1.76572
   1.76959
   1.71258
   1.81183
   1.77499
   1.75873
   1.76834
   1.80101
   1.78777
   1.78170
   1.76091
   1.76456
   1.78302
   1.77454
   1.72588
   1.79739
   1.81007
   1.75618
   1.77073
   1.77183
   1.70639
   1.80146
   1.78200
   1.77996
   1.75169
   1.77172
   1.77673
   1.72694
   1.80689
   1.77644
   1.80170
   1.81611
   1.73985
   1.81154
   1.77595
   1.79769
   1.77063
   1.77248
   1.77901
   1.75944
   1.77303
   1.75343
   1.75135
   1.79346
   1.84758
   1.81352
   1.75599
   1.75828
   1.75332
   1.75093
   1.79649
   1.77608
   1.78070
   1.76957
   1.78932
   1.77529
   1.74671
   1.75372
   1.76680
   1.77436
   1.78640
   1.74536
   1.75202
   1.75562
   1.75366
   1.83910
   1.77558
   1.73941
   1.78411
   1.77235
   1.75057
   1.80585
   1.77898
   1.79033
   1.81045
   1.76123
   1.73251
   1.75793
   1.75788
   1.77521
   1.81116
   1.79129
   1.78788
   1.77961
   1.79244
   1.76595
   1.77755
   1.79999
   1.74887
   1.79582
   1.76623
   1.79855
   1.80988
   1.78873
   1.78901
   1.78879
   1.78946
   1.77317
   1.72744
   1.79115
   1.78392
   1.73480
   1.80587
   1.78744
   1.76557
   1.78252
   1.82072
   1.79264
   1.80333
   1.79003
   1.82308
   1.78591
   1.75118
   1.82559
   1.79836
   1.79200
   1.80439
   1.68177
   1.77787
   1.79497
   1.75006
   1.76879
   1.71953
   1.78830
   1.60261
   1.83210
   1.76767
   1.75002
   1.76426
   1.75790
   1.78206
   1.80588
   1.77161
   1.78145
   1.81027
   1.80199
   1.74157
   1.78860
   1.79165
   1.84385
   1.77425
   1.80130
   1.77026
   1.77562
   1.77588
   1.85862
   1.81369
   1.79993
   1.75434
   1.81468
   1.77385
   1.76166
   1.77134
   1.78140
   1.85214
   1.77247
   1.80012
   1.75865
   1.78579
   1.78702
   1.69833
   1.75174
   1.75618
   1.85750
   1.73893
   1.83622
   1.78278
   1.72527
   1.78434
   1.82262
   1.77517
   1.74127
   1.70957
   1.80093
   1.74825
   1.69019
   1.83330
   1.74231
   1.75494
   1.83856
   1.73200
   1.81004
   1.78039
   1.79554
   1.78442
   1.79542
   1.77282
   1.78048
   1.79703
   1.75573
   1.84571
   1.74984
   1.79765
   1.86123
   1.76791
   1.78220
   1.72967
   1.82373
   1.69487
   1.76229
   1.76032
   1.80270
   1.77805
   1.76691
   1.77120
   1.77448
   1.74564
   1.78062
   1.77095
   1.73251
   1.75943
   1.75517
   1.75600
   1.78587
   1.79492
   1.76112
   1.81818
   1.77380
   1.74294
   1.76455
   1.80827
   1.78933
   1.75466
   1.79021
   1.75189
   1.81323
   1.78508
   1.77279
   1.75830
   1.76804
   1.77077
   1.78271
   1.76980
   1.72207
   1.79634
   1.76651
   1.80916
   1.78282
   1.82102
   1.76685
   1.80493
   1.75990
   1.79403
   1.82448
   1.76366
   1.77145
   1.77407
   1.79033
   1.77290
   1.81661
   1.78186
   1.79262
   1.77525
   1.76954
   1.78500
   1.77671
   1.77862
   1.78919
   1.74553
   1.82482
   1.78656
   1.78148
   1.74096
   1.75277
   1.75278
   1.79560
   1.75786
   1.77445
   1.80052
   1.78825
   1.81373
   1.76494
   1.78291
   1.77303
   1.76967
   1.79450
   1.81043
   1.79675
   1.78234
   1.79511
   1.74729
   1.79540
   1.83177
   1.81942
   1.77801
   1.76695
   1.78190
   1.81232
   1.77739
   1.76665
   1.76302
   1.75382
   1.75273
   1.76196
   1.78727
   1.78470
   1.76776
   1.77210
   1.76067
   1.76886
   1.78566
   1.77773
   1.77457
   1.77859
   1.75550
   1.80117
   1.82264
   1.79260
   1.76257
   1.74887
   1.80819
   1.82057
   1.79479
   1.76803
   1.76434
   1.78522
   1.79961
   1.79049
   1.79922
   1.80341
   1.78054
   1.78786
   1.81723
   1.71624
   1.72638
   1.81531
   1.75830
   1.75696
   1.75957
   1.78266
   1.77867
   1.78710
   1.78445
   1.79596
   1.78526
   1.74898
   1.83808
   1.78938
   1.75351
   1.80735
   1.79390
   1.74375
   1.77583
   1.75936
   1.77349
   1.75081
   1.81196
   1.76875
   1.73827
   1.73731
   1.75609
   1.75416
   1.77338
   1.78226
   1.76214
   1.75866
   1.79689
   1.72772
   1.79816
   1.77111
   1.76255
   1.83323
   1.83671
   1.80553
   1.75280
   1.77349
   1.78439
   1.75295
   1.75446
   1.78181
   1.75373
   1.77141
   1.74611
   1.74780
   1.73364
   1.74702
   1.78479
   1.77110
   1.70142
   1.75495
   1.79477
   1.77724
   1.78423
   1.77536
   1.82914
   1.78456
   1.87027
   1.78076
   1.80034
   1.81336
   1.78795
   1.75614
   1.75652
   1.77247
   1.76787
   1.73900
   1.76858
   1.76675
   1.76509
   1.79466
   1.76988
   1.66812
   1.78570
   1.77338
   1.81411
   1.81958
   1.76517
   1.75396
   1.84108
   1.77792
   1.77097
   1.76228
   1.79684
   1.78390
   1.76450
   1.78377
   1.75762
   1.78023
   1.82097
   1.76598
   1.82382
   1.82600
   1.71448
   1.81615
   1.78445
   1.77545
   1.78708
   1.75276
   1.77632
   1.78918
   1.77522
   1.75754
   1.71437
   1.78549
   1.78696
   1.74527
   1.77241
   1.73902
   1.79040
   1.74849
   1.76905
   1.76373
   1.64136
   1.75785
   1.78793
   1.80264
   1.78004
   1.76202
   1.78697
   1.74457
   1.80700
   1.77804
   1.81424
   1.74734
   1.79945
   1.73490
   1.76671
   1.79132
   1.77091
   1.76915
   1.77151
   1.79082
   1.80668
   1.74469
   1.75735
   1.83231
   1.77918
   1.80423
   1.74012
   1.77395
   1.81841
   1.76747
   1.78062
   1.78218
   1.76323
   1.73791
   1.81238
   1.75153
   1.77075
   1.77958
   1.78957
   1.78504
   1.76833
   1.71146
   1.77791
   1.78139
   1.80564
   1.75243
   1.79727
   1.71685
   1.74669
   1.77464
   1.80291
   1.78560
   1.72397
   1.75027
   1.67706
   1.77456
   1.77008
   1.80542
   1.78212
   1.77333
   1.77462
   1.81760
   1.76015
   1.78219
   1.79494
   1.71608
   1.83931
   1.81424
   1.80976
   1.71569
   1.76648
   1.79802
   1.75006
   1.78405
   1.80363
   1.77485
   1.77190
   1.77556
   1.80545
   1.77461
   1.77513
   1.79641
   1.72567
   1.80329
   1.77231
   1.75669
   1.82685
   1.81300
   1.77390
   1.75093
   1.79301
   1.77387
   1.77911
   1.76175
   1.76841
   1.80828
   1.81707
   1.69695
   1.76926
   1.83991
   1.78558
   1.77791
   1.79020
   1.78678
   1.79200
   1.77769
   1.81348
   1.76859
   1.76034
   1.70949
   1.76042
   1.75145
   1.79926
   1.74646
   1.81351
   1.74832
   1.77211
   1.73754
   1.78824
   1.78132
   1.76214
   1.74960
   1.77131
   1.76545
   1.76288
   1.78890
   1.77999
   1.80722
   1.77174
   1.75035
   1.75916
   1.79532
   1.71806
   1.79959
   1.80545
   1.78928
   1.73811
   1.75337
   1.75421
   1.79131
   1.83977
   1.73740
   1.79170
   1.78510
   1.78806
   1.78337
   1.77838
   1.77426
   1.71920
   1.71009
   1.78268
   1.78008
   1.75409
   1.75751
   1.78879
   1.80831
   1.78440
   1.74489
   1.75646
   1.81282
   1.81096
   1.77363
   1.73228
   1.82549
   1.76307
   1.77966
   1.77853
   1.76935
   1.76836
   1.77955
   1.78144
   1.77500
   1.75273
   1.76418
   1.80816
   1.76598
   1.75739
   1.79568
   1.78612
   1.77133
   1.74885
   1.79009
   1.78161
   1.71230
   1.76707
   1.73603
   1.78960
   1.76663
   1.82095
   1.73489
   1.79463
   1.80585
   1.78508
   1.74955
   1.73005
   1.77831
   1.74160
   1.74586
   1.80016
   1.77271
   1.76646
   1.76218
   1.76330
   1.72475
   1.74584
   1.75262
   1.77387
   1.76949
   1.77635
   1.73739
   1.78754
   1.76744
   1.75248
   1.78293
   1.85740
   1.81680
   1.77400
   1.74493
   1.80218
   1.78358
   1.77423
   1.80094
   1.78860
   1.79647
   1.73162
   1.75204
   1.82392
   1.81853
   1.70045
   1.79470
   1.77355
   1.73601
   1.78146
   1.75610
   1.77331
   1.82601
   1.78180
   1.78473
   1.80535
   1.75284
   1.82922
   1.75167
   1.79761
   1.77803
   1.80802
   1.74916
   1.72027
   1.77848
   1.75269
   1.82465
   1.78025
   1.81498
   1.81503
   1.79821
   1.73439
   1.77316
   1.77840
   1.77219
   1.76287
   1.74403
   1.78051
   1.74080
   1.81209
   1.77213
   1.78801
   1.77628
   1.78332
   1.78209
   1.77465
   1.79972
   1.78061
   1.82614
   1.79466
   1.84329
   1.78224
   1.75017
   1.77790
   1.81478
   1.74940
   1.75522
   1.79505
   1.76445
   1.79218
   1.74844
   1.79287
   1.77518
   1.77629
   1.79476
   1.74792
   1.75789
   1.82207
   1.74974
   1.76721
   1.78424
   1.72333
   1.78177
   1.77779
   1.74785
   1.74057
   1.77011
   1.74398
   1.73201
   1.76867
   1.76894
   1.78232
   1.70581
   1.74508
   2.24498
   1.76011
   1.79291
   1.78745
   1.76495
   1.79372
   1.77212
   1.77217
   1.78605
   1.79398
   1.78289
   1.75673
   1.77375
   1.81821
   1.78506
   1.80460
   1.77838
   1.75436
   1.83717
   1.75168
   1.76128
   1.70999
   1.74125
   1.82434
   1.76099
   1.72303
   1.82359
   1.80614
   1.81575
   1.79687
   1.78508
   1.81095
   1.79119
   1.75557
   1.74842
   1.80435
   1.78197
   1.77847
   1.80960
   1.80239
   1.72489
   1.84081
   1.80931
   1.77532
   1.76858
   1.75949
   1.79570
   1.76543
   1.78487
   1.77842
   1.77495
   1.73853
   1.75386
