   1.77668
   1.69604
   1.76308
   1.76607
   1.74003
   1.78110
   1.67857
   1.81606
   1.83120
   1.70990
   1.73488
   1.77855
   1.73015
   1.70363
   1.82087
   1.72907
   1.73710
   1.78299
   1.76026
   1.73057
   1.75043
   1.78165
   1.74058
   1.69975
   1.73946
   1.75777
   1.77124
   1.74262
   1.72459
   1.81077
   1.72793
   1.76019
   1.75540
   1.73027
   1.72533
   1.77848
   1.72023
   1.74579
   1.70585
   1.78694
   1.72409
   1.75724
   1.73221
   1.75882
   1.70457
   1.73291
   1.74127
   1.60177
   1.69357
   1.71778
   1.72424
   1.71864
   1.80486
   1.69788
   1.76500
   1.76284
   1.71951
   1.69829
   1.74120
   1.71577
   1.75032
   2.12940
   1.71486
   1.78062
   1.69461
   1.75431
   1.80028
   1.75968
   1.74314
   1.79407
   1.79753
   1.79010
   1.72992
   1.79796
   1.75210
   1.70190
   1.75450
   1.75353
   1.72673
   1.72008
   1.74263
   1.73275
   1.75355
   1.75330
   1.73179
   1.80276
   1.79516
   1.74506
   1.80102
   1.76921
   1.81070
   1.71618
   1.72943
   1.75870
   1.78393
   1.76790
   1.74369
   1.74008
   1.76738
   1.70207
   1.76823
   1.75797
   1.71322
   1.72811
   1.76064
   1.73531
   1.73735
   1.73204
   1.75393
   1.74725
   1.75281
   1.73062
   1.72453
   1.74631
   1.78776
   1.71533
   1.72956
   1.70220
   1.73327
   1.71910
   1.77476
   1.77309
   1.76573
   1.74066
   1.71996
   1.77230
   1.74463
   1.79330
   1.75450
   1.77342
   1.74981
   1.76625
   1.78356
   1.72504
   1.77932
   1.73911
   1.76515
   1.74688
   1.74693
   1.72839
   1.73749
   1.81059
   1.70923
   1.79666
   1.70443
   1.73057
   1.76064
   1.82368
   1.78806
   1.83857
   1.60290
   1.73002
   1.76358
   1.73467
   1.75969
   1.67463
   1.73647
   1.73216
   1.70875
   1.73550
   1.73999
   1.74336
   1.73044
   1.69234
   1.68918
   1.74608
   1.75319
   1.72968
   1.77945
   1.74223
   1.77737
   1.73234
   1.73531
   1.70496
   1.70486
   1.73176
   1.72292
   1.74922
   1.76193
   1.74374
   1.76916
   1.75377
   1.74499
   1.71812
   1.73375
   1.68730
   1.80206
   1.70653
   1.71951
   1.71631
   1.76602
   1.70686
   1.73714
   1.74877
   1.73014
   1.76746
   1.67979
   1.75090
   1.74306
   1.73424
   1.78733
   1.76843
   1.74079
   1.73222
   1.72948
   1.73338
   1.77273
   1.71087
   1.68036
   1.71131
   1.77799
   1.74802
   1.70088
   1.75533
   1.70083
   1.77539
   1.75094
   1.80439
   1.76587
   1.72919
   1.79296
   1.75322
   1.73968
   1.77331
   1.76673
   1.75878
   1.77740
   1.74560
   1.79928
   1.73242
   1.85819
   1.73511
   1.74235
   1.75318
   1.73949
   1.76467
   1.75273
   1.78687
   1.77014
   1.77073
   1.74481
   1.83012
   1.73895
   1.73238
   1.67598
   1.78352
   1.72008
   1.73641
   1.74387
   1.73477
   1.69368
   1.74795
   1.74784
   1.79552
   1.72497
   1.75341
   1.75373
   1.72671
   1.72482
   1.73714
   1.77014
   1.76709
   1.74603
   1.77928
   1.73396
   1.69599
   1.72769
   1.71711
   1.73338
   1.73227
   1.73699
   1.71040
   1.69229
   1.76688
   1.73599
   1.78863
   1.74761
   1.73678
   1.73840
   1.67281
   1.77511
   1.74075
   1.72578
   1.73671
   1.77113
   1.75920
   1.75077
   1.72979
   1.73572
   1.75295
   1.74591
   1.69356
   1.76315
   1.78242
   1.72548
   1.74218
   1.74308
   1.67356
   1.76948
   1.75000
   1.70555
   1.71576
   1.74244
   1.72228
   1.68712
   1.77905
   1.74687
   1.77186
   1.78783
   1.70908
   1.78387
   1.74766
   1.76902
   1.73822
   1.74355
   1.74681
   1.73101
   1.74074
   1.71291
   1.66917
   1.76450
   1.81483
   1.78344
   1.71614
   1.72616
   1.72077
   1.72150
   1.76616
   1.74611
   1.75082
   1.74011
   1.76107
   1.74641
   1.71432
   1.72352
   1.73694
   1.74570
   1.75543
   1.71659
   1.72104
   1.72501
   1.71410
   1.81145
   1.74131
   1.70932
   1.75502
   1.73841
   1.72100
   1.77483
   1.75085
   1.76063
   1.77896
   1.72893
   1.69577
   1.72616
   1.72928
   1.74366
   1.77201
   1.75973
   1.75720
   1.75044
   1.75899
   1.73528
   1.74672
   1.76911
   1.71926
   1.76755
   1.73670
   1.77039
   1.77949
   1.75239
   1.76092
   1.75823
   1.74643
   1.74243
   1.69795
   1.76234
   1.75140
   1.69918
   1.77690
   1.75878
   1.72534
   1.73115
   1.79269
   1.76219
   1.77175
   1.73269
   1.79554
   1.75484
   1.71463
   1.79657
   1.76682
   1.76317
   1.77279
   1.64471
   1.74749
   1.76652
   1.72041
   1.73942
   1.67775
   1.75938
   1.56834
   1.80408
   1.73635
   1.72106
   1.73290
   1.72802
   1.75389
   1.77517
   1.74333
   1.72090
   1.78170
   1.77048
   1.71277
   1.75981
   1.76173
   1.79504
   1.74560
   1.77272
   1.74047
   1.74381
   1.74744
   1.82758
   1.78231
   1.77047
   1.72187
   1.78589
   1.74508
   1.73190
   1.74005
   1.74932
   1.80790
   1.73518
   1.77133
   1.72975
   1.75740
   1.75000
   1.65648
   1.71894
   1.72432
   1.82633
   1.70527
   1.78355
   1.75356
   1.68455
   1.74822
   1.78569
   1.74355
   1.70860
   1.67553
   1.76795
   1.71517
   1.63443
   1.80392
   1.70709
   1.72107
   1.79971
   1.69496
   1.77721
   1.74960
   1.76366
   1.74894
   1.76467
   1.74457
   1.74850
   1.76492
   1.72095
   1.80130
   1.71792
   1.76980
   1.83042
   1.73876
   1.75391
   1.69564
   1.79207
   1.66190
   1.73312
   1.73026
   1.74885
   1.74069
   1.73844
   1.74011
   1.73554
   1.70819
   1.75086
   1.73919
   1.67537
   1.72108
   1.71498
   1.72604
   1.75373
   1.76339
   1.73173
   1.79026
   1.74385
   1.69964
   1.73607
   1.77333
   1.76063
   1.72586
   1.76100
   1.72008
   1.77715
   1.75098
   1.73913
   1.72640
   1.73681
   1.74099
   1.75285
   1.73392
   1.69053
   1.76285
   1.73815
   1.78029
   1.74870
   1.78714
   1.73272
   1.77471
   1.72966
   1.76447
   1.79169
   1.73478
   1.74061
   1.74574
   1.76037
   1.74392
   1.78380
   1.75148
   1.74110
   1.74700
   1.74033
   1.75432
   1.74138
   1.74813
   1.76094
   1.71282
   1.78484
   1.75736
   1.75235
   1.70208
   1.72264
   1.72014
   1.76044
   1.72907
   1.74481
   1.76830
   1.75963
   1.78342
   1.73237
   1.74134
   1.73475
   1.73998
   1.76533
   1.78240
   1.76207
   1.75262
   1.75674
   1.71719
   1.76352
   1.79787
   1.77555
   1.74846
   1.73691
   1.74418
   1.78396
   1.74399
   1.73299
   1.72990
   1.70559
   1.71974
   1.73264
   1.75671
   1.75596
   1.73902
   1.74350
   1.73180
   1.74010
   1.75382
   1.74786
   1.74397
   1.74969
   1.72479
   1.76973
   1.79423
   1.75690
   1.73390
   1.71676
   1.77410
   1.78802
   1.75350
   1.73904
   1.73289
   1.75543
   1.76993
   1.76163
   1.77085
   1.77408
   1.74746
   1.75864
   1.77948
   1.68427
   1.69739
   1.78191
   1.72613
   1.72032
   1.72980
   1.75344
   1.75000
   1.75848
   1.75430
   1.76352
   1.75572
   1.69851
   1.80615
   1.76097
   1.71710
   1.77816
   1.75977
   1.70499
   1.74588
   1.72665
   1.74410
   1.72117
   1.78292
   1.73752
   1.70650
   1.70693
   1.72587
   1.71797
   1.73674
   1.75342
   1.73167
   1.72355
   1.76683
   1.69063
   1.76766
   1.73653
   1.73143
   1.78060
   1.80827
   1.77282
   1.72137
   1.74414
   1.75398
   1.71928
   1.72589
   1.73728
   1.72274
   1.74149
   1.71570
   1.71315
   1.70182
   1.71444
   1.74644
   1.73084
   1.67142
   1.72476
   1.75702
   1.74772
   1.75391
   1.73955
   1.79838
   1.75148
   1.83487
   1.75188
   1.77124
   1.78027
   1.75921
   1.71579
   1.72356
   1.74302
   1.73745
   1.70182
   1.73990
   1.73141
   1.73669
   1.76331
   1.74128
   1.63466
   1.75529
   1.74427
   1.78223
   1.79155
   1.72099
   1.72306
   1.81350
   1.74324
   1.73998
   1.73260
   1.76664
   1.75280
   1.73443
   1.74958
   1.72792
   1.75186
   1.79224
   1.73657
   1.79129
   1.79596
   1.67768
   1.78128
   1.75601
   1.73449
   1.74980
   1.70849
   1.74375
   1.76071
   1.73071
   1.72851
   1.68497
   1.75084
   1.75399
   1.71449
   1.73591
   1.70941
   1.75446
   1.71305
   1.73975
   1.73411
   1.60368
   1.72371
   1.75712
   1.77450
   1.75140
   1.73252
   1.74141
   1.71181
   1.77426
   1.73561
   1.77998
   1.71588
   1.77153
   1.69591
   1.73631
   1.76089
   1.73984
   1.73664
   1.73702
   1.76177
   1.77900
   1.71433
   1.72487
   1.79796
   1.74812
   1.77178
   1.71029
   1.74108
   1.78698
   1.73154
   1.75115
   1.75364
   1.73274
   1.70054
   1.78452
   1.71904
   1.74093
   1.75138
   1.75724
   1.75018
   1.73573
   1.67714
   1.73538
   1.75184
   1.77586
   1.71927
   1.76897
   1.68462
   1.71649
   1.74619
   1.77440
   1.75579
   1.69367
   1.71801
   1.63500
   1.74375
   1.74170
   1.77432
   1.75388
   1.74383
   1.74637
   1.77935
   1.70600
   1.74926
   1.76636
   1.68353
   1.81134
   1.78504
   1.77242
   1.68574
   1.73659
   1.76646
   1.71441
   1.75595
   1.77060
   1.74246
   1.74031
   1.73987
   1.75683
   1.74061
   1.74339
   1.76680
   1.69040
   1.77521
   1.74312
   1.72511
   1.79852
   1.77812
   1.73840
   1.71854
   1.76225
   1.74116
   1.74668
   1.73137
   1.73946
   1.77856
   1.78170
   1.66098
   1.73840
   1.81031
   1.75500
   1.74898
   1.76222
   1.75746
   1.76402
   1.74750
   1.78236
   1.73633
   1.73089
   1.66952
   1.72277
   1.72203
   1.76993
   1.71349
   1.78495
   1.71901
   1.74280
   1.70628
   1.75743
   1.75279
   1.73368
   1.72016
   1.73075
   1.73273
   1.71490
   1.76074
   1.74560
   1.77536
   1.74316
   1.72079
   1.72913
   1.76205
   1.65305
   1.76476
   1.77560
   1.75305
   1.70604
   1.72323
   1.72469
   1.76074
   1.80913
   1.70855
   1.75952
   1.74974
   1.75980
   1.74869
   1.73978
   1.74606
   1.68801
   1.67814
   1.74993
   1.74984
   1.70854
   1.72675
   1.75869
   1.77595
   1.74983
   1.70799
   1.72646
   1.78450
   1.78052
   1.74270
   1.68375
   1.79644
   1.73305
   1.74448
   1.74991
   1.74077
   1.72460
   1.75122
   1.75266
   1.74354
   1.72226
   1.73570
   1.78015
   1.72633
   1.72532
   1.76367
   1.75474
   1.74171
   1.71951
   1.76151
   1.75134
   1.68043
   1.71926
   1.70596
   1.75295
   1.73197
   1.79091
   1.70366
   1.76358
   1.77669
   1.75338
   1.72080
   1.69905
   1.74853
   1.70998
   1.70484
   1.76971
   1.74201
   1.72499
   1.71689
   1.73366
   1.67978
   1.71214
   1.72367
   1.74216
   1.74041
   1.74420
   1.70393
   1.75949
   1.72910
   1.72317
   1.74728
   1.82715
   1.78877
   1.74512
   1.69486
   1.77299
   1.75142
   1.73969
   1.76538
   1.75662
   1.75924
   1.70248
   1.71672
   1.79444
   1.78364
   1.66461
   1.76671
   1.74363
   1.68756
   1.74584
   1.72375
   1.74268
   1.79257
   1.75303
   1.74890
   1.77438
   1.72403
   1.79355
   1.71834
   1.76974
   1.74442
   1.76872
   1.71720
   1.68630
   1.74497
   1.72409
   1.79557
   1.74972
   1.78569
   1.78351
   1.76793
   1.69892
   1.73657
   1.74878
   1.74175
   1.73359
   1.71466
   1.75201
   1.70780
   1.77903
   1.73341
   1.75886
   1.74254
   1.75524
   1.75270
   1.73733
   1.76193
   1.74809
   1.79645
   1.76193
   1.81008
   1.74490
   1.71550
   1.74871
   1.78095
   1.71860
   1.72561
   1.75864
   1.71749
   1.76368
   1.71673
   1.76354
   1.74584
   1.74572
   1.76447
   1.71866
   1.71450
   1.78531
   1.71767
   1.73840
   1.74467
   1.69264
   1.75364
   1.74011
   1.71875
   1.71039
   1.73678
   1.71291
   1.69643
   1.73523
   1.73065
   1.75273
   1.67372
   1.71461
   2.21017
   1.73025
   1.75382
   1.75268
   1.73038
   1.76566
   1.74092
   1.74057
   1.75336
   1.76376
   1.75310
   1.72665
   1.74228
   1.78408
   1.75314
   1.77322
   1.74665
   1.72160
   1.80720
   1.72164
   1.73180
   1.66582
   1.70832
   1.79116
   1.72914
   1.69376
   1.78163
   1.77771
   1.78569
   1.76470
   1.74521
   1.77401
   1.76034
   1.72602
   1.71887
   1.76691
   1.74757
   1.74942
   1.77663
   1.77235
   1.69531
   1.81189
   1.77777
   1.74678
   1.73759
   1.72377
   1.74701
   1.73695
   1.75003
   1.74504
   1.74647
   1.70416
   1.68947
